	pex19_1	pex19_2	pex19msp1_1	pex19msp1_2	pex3_1	pex3_2	pex3_3	pex3msp1_1	pex3msp1_2	pex3msp1_3
COX1	10.9782	13.4061	8.23765	10.208	7.18865	8.59576	12.0142	8.33642	6.13362	14.9013
AI1	10.0463	15.8475	10.0363	13.027	9.9671	7.27195	8.31425	10.0157	6.70362	8.77034
AI2	10.4917	14.4507	9.66279	10.3918	9.63992	7.15848	10.0006	9.98509	6.83717	11.3818
AI3	10.5754	16.6379	8.67632	10.5656	8.25057	8.7184	8.90966	9.0705	7.65861	10.9371
AI4	10.478	16.188	9.71938	10.4249	9.56678	7.71777	9.0612	9.00251	8.47807	9.36342
BI2	9.8295	13.1788	11.0972	15.8741	7.3257	9.65899	8.83156	8.96531	6.31853	8.92029
BI4	10.1835	15.8155	10.8531	15.0635	8.69614	8.28331	8.22304	8.59302	6.94531	7.3436
OLI1	10.9715	13.6172	10.5797	10.8169	8.07086	8.66685	10.4435	10.1504	6.72767	9.95544
VAR1	9.99984	13.6313	10.1395	13.0184	9.78373	8.22708	9.40833	9.22333	7.762	8.80644
COX2	9.64314	12.486	10.5339	11.6136	7.38416	9.55964	10.9048	8.80145	7.56972	11.5037
Q0255	12.046	19.2277	6.29277	11.0485	13.2276	6.61858	9.70724	8.65742	3.5335	9.64073
REP1	10.2268	5.42412	10.3956	6.55699	10.1935	9.80206	8.62629	17.143	10.9909	10.6407
REP2	7.82757	6.62435	9.95898	7.56803	12.2347	8.08634	8.80156	14.226	13.6517	11.0207
TFC3	9.59268	5.99119	9.83557	6.42783	14.0568	7.12112	9.06328	15.5629	9.17208	13.1765
VPS8	9.54699	4.6923	8.99701	6.09921	12.9439	12.3784	8.7752	12.4572	13.6069	10.5029
EFB1	12.2073	3.11671	8.17764	4.74652	10.9009	10.0989	13.7948	13.3091	11.5077	12.1402
SSA1	10.5324	3.76675	10.224	5.54812	10.6211	10.5975	12.4057	11.992	12.88	11.4324
ERP2	9.92649	8.41388	10.317	7.49446	10.6506	10.2406	11.228	8.93126	13.502	9.29566
FUN14	8.42898	13.4833	10.9526	13.6088	8.67992	10.8367	7.94908	8.88487	9.51963	7.65619
SPO7	9.90353	7.01368	9.39769	8.88284	7.7779	13.4558	9.48835	11.2234	13.8734	8.98345
MDM10	10.4528	12.5618	11.4928	11.3595	8.39393	9.49099	9.60492	8.93639	8.35557	9.35134
SWC3	8.34475	5.93527	9.1654	8.91663	18.9671	7.55319	7.57084	13.592	8.93586	11.0189
CYS3	13.1139	3.49923	10.0087	5.78664	12.0294	9.61359	11.5553	12.3295	11.4967	10.567
DEP1	8.98928	3.65002	9.31602	6.05164	10.8599	9.24936	7.8279	19.9646	11.5435	12.5478
TPD3	10.7099	6.65156	11.261	6.77528	9.27879	10.6014	13.4193	9.61623	10.2022	11.4844
PSK1	9.2003	10.066	5.81467	8.76178	9.24715	20.1372	7.01377	8.20952	13.6491	7.90056
FUN30	9.83359	10.5018	8.94106	11.5034	12.049	9.14939	8.03264	11.1651	9.11823	9.70577
CCR4	10.5437	6.95033	9.05135	7.6049	10.9483	12.2349	10.091	10.1755	11.1905	11.2096
PMT2	10.9631	6.09312	10.4559	7.80853	10.6084	10.4883	10.6205	10.6145	10.896	11.4516
MAK16	10.8042	5.86696	8.79185	5.66005	13.3722	12.2657	8.17379	12.3367	13.6435	9.08505
DRS2	10.7821	6.9732	9.89802	7.88541	10.4677	12.2114	9.76572	10.6494	11.5651	9.80179
FRT2	7.69834	9.17691	9.55716	10.8439	10.8113	13.036	8.38238	10.0325	13.6807	6.78077
MYO4	10.388	6.23323	7.94656	7.45979	12.4897	13.1709	9.62841	11.2093	12.432	9.04195
SNC1	7.35964	7.2374	8.3541	9.54564	20.2763	13.5748	2.64464	9.77045	18.4805	2.75648
GIP4	11.637	9.0596	9.65273	8.44695	11.7337	11.6144	8.82665	10.3381	11.0546	7.63634
PRP45	9.2737	12.4404	6.70552	6.05669	11.4892	9.6105	9.56091	13.1967	8.51379	13.1525
FUN19	9.28962	5.20171	8.44139	6.24964	12.6837	9.43213	10.0529	15.3405	11.7588	11.5497
FUN12	10.4172	6.29385	9.94635	7.42797	11.5241	11.1851	11.1296	10.6838	11.9944	9.3977
RBG1	11.1058	6.18003	10.9319	7.6167	10.0967	10.7511	9.79917	12.0923	11.5783	9.84801
CDC19	12.9131	2.81527	8.06255	4.43218	9.79923	10.1338	14.608	11.6721	11.7497	13.8141
CYC3	8.55772	14.5914	10.3467	12.3638	8.32557	8.37251	8.84906	9.724	8.74033	10.1289
CDC24	12.7804	5.15548	7.89135	6.21323	14.3936	9.22781	10.6026	12.6702	8.82255	12.2427
ERV46	10.1	7.72028	12.7179	9.34673	9.91364	12.1776	14.0613	7.8203	8.8867	7.25554
GCV3	9.12144	14.9847	11.1358	16.1067	6.44217	10.431	7.49124	8.15398	7.30285	8.83
YAL044W-A	10.0958	15.6406	10.1217	13.6142	7.5645	10.4391	9.02623	8.57393	8.46262	6.46137
AIM1	7.69643	19.817	12.2141	17.3512	5.47009	8.01583	7.53758	7.37342	7.07307	7.4513
GEM1	8.85943	13.0107	11.5008	13.9149	6.86729	9.99862	8.61142	9.39406	9.04836	8.79443
AIM2	12.04	3.09334	8.77978	4.30208	9.70017	11.6562	12.4871	13.197	12.4324	12.3119
OAF1	11.3189	8.03739	10.8435	5.9105	15.8261	9.8987	6.62084	13.862	9.19827	8.48373
FLC2	10.5869	8.59644	10.8764	8.83041	11.432	8.08855	10.3302	10.4982	9.4726	11.2883
ACS1	8.84657	7.88625	5.33111	9.20256	7.417	18.9466	10.7589	7.9973	13.4916	10.1221
PEX22	7.09438	9.88502	12.5123	14.8137	7.92207	7.64556	6.76943	10.3738	10.8082	12.1756
GPB2	12.018	6.75425	11.7481	7.41633	11.9478	8.85689	9.57465	11.4154	10.3664	9.90224
CNE1	10.7954	7.27402	9.97181	7.55753	11.632	10.9396	11.3315	9.05475	13.6613	7.7821
BDH1	11.771	2.77675	8.06863	4.16535	11.2883	11.1649	15.2557	10.4658	11.3697	13.6738
GDH3	13.715	4.18526	9.17066	5.4811	9.61153	9.56988	12.3935	11.5917	12.0008	12.2806
ERP1	10.3038	6.57977	9.50752	7.19104	10.2373	10.9808	12.2715	9.72448	12.6215	10.5823
NUP60	11.8745	10.2843	9.34499	4.8752	14.112	10.7035	7.67883	11.7316	10.0674	9.32773
RFA1	11.3928	3.38614	8.90648	3.97335	12.7909	8.6096	12.3663	13.9949	9.46152	15.118
SEN34	9.23847	14.5195	10.3347	13.0337	7.57617	9.13019	8.18213	10.1288	7.27647	10.5799
YAR010C	9.01914	5.40491	9.05933	7.90849	10.3087	12.6387	8.55251	13.6838	14.0616	9.3629
ADE1	10.9465	3.08594	7.05026	4.85444	11.4882	12.9405	12.5461	12.7211	12.0518	12.3151
KIN3	10.1483	7.61103	9.3834	7.9624	9.39361	12.8363	9.12679	11.5252	12.7005	9.31249
UIP3	11.6149	6.21634	6.74941	9.00566	16.8252	13.6717	8.32423	12.1694	10.1589	5.26434
PRM9	8.4067	7.37326	9.23782	9.09747	12.2495	13.6561	10.6956	12.2429	10.5197	6.52091
YAT1	14.8543	4.43049	7.31474	5.323	12.7277	8.94908	10.8322	14.2457	9.28183	12.041
SWH1	12.1006	5.88079	8.5657	7.61089	10.4133	11.6533	10.7694	11.1032	11.2989	10.6039
HTB2	9.03992	5.42951	8.26975	5.90626	14.8668	6.98044	7.44657	17.5343	10.6252	13.9013
HTA2	7.75723	5.89157	7.92147	6.13469	12.6927	7.3158	8.59421	18.4254	10.7675	14.4995
UTP20	11.4408	6.27399	11.5477	7.86703	9.33608	11.1313	10.0261	11.5636	12.905	7.90847
YBL005W-B	9.08851	5.10176	9.10276	7.09735	10.4234	9.92624	9.72743	13.7385	14.0508	11.7432
SLA1	11.5209	3.14368	11.1143	4.35549	11.6015	13.1303	11.6114	10.3231	12.8443	10.3548
SCT1	10.7219	9.22726	10.2189	9.15842	9.86056	10.2136	9.80481	11.1925	9.97514	9.62685
FMT1	10.8637	11.9187	12.6199	13.8989	7.26069	8.62442	9.69398	8.66717	8.05632	8.39635
ACH1	9.82665	17.1002	9.26367	14.6025	8.31376	9.16169	8.59546	7.21516	7.48029	8.4406
FUS3	8.35692	7.0334	6.92189	8.0266	9.48926	15.0642	9.4807	10.6171	13.7955	11.2144
PEP1	10.8396	6.61832	9.20226	6.22047	11.3385	11.6522	10.4737	10.6338	12.3455	10.6756
APN2	11.1007	6.72093	11.0958	6.89304	9.64207	12.9005	8.98113	11.6564	11.9816	9.02794
PIM1	8.85651	15.1748	11.353	13.6583	7.86492	8.99037	8.93326	8.08415	8.52992	8.55479
MCM2	11.167	5.78213	9.67615	8.82568	10.0825	13.3179	7.78264	11.8428	10.9192	10.604
NCL1	13.5532	2.75178	8.6744	4.15763	11.2785	9.85761	13.9485	12.0751	10.8584	12.8448
RRN10	8.36989	6.11558	8.14266	5.36502	15.2372	7.48041	7.61224	17.3884	10.5058	13.7829
RPL19B	11.1627	4.19211	9.67612	6.24932	15.8467	9.8089	8.81485	13.0871	11.8266	9.33558
YBL029C-A	7.76389	7.18778	9.77173	7.65296	8.54408	11.1789	11.9524	10.5956	11.6244	13.7282
PET9	9.83326	12.0229	10.8547	12.4561	8.97696	9.23226	9.3473	10.3766	7.10963	9.79025
HEK2	12.2245	5.63902	12.109	7.53894	10.8289	11.7437	8.44426	13.0056	12.4809	5.98521
RIB1	10.9618	3.58218	8.12037	5.31494	11.1871	10.2438	12.057	12.2053	11.8501	14.4774
POL12	13.9008	5.14953	11.3212	4.8587	11.2458	8.74271	12.3567	11.2274	10.8462	10.351
MRPL16	8.5654	13.2465	9.42295	11.853	8.56902	9.29428	9.53617	10.6554	8.18109	10.6762
URA7	10.4367	3.26563	6.6798	5.56	9.3659	15.5972	12.5319	10.8709	12.1296	13.5623
PRE7	12.058	3.25708	10.8164	5.2701	9.34239	9.3733	13.9324	11.9819	11.551	12.4174
COR1	9.3391	12.5264	10.3562	12.3531	9.2603	8.17219	9.95101	8.91297	7.37927	11.7495
EDE1	11.7222	5.8053	13.6004	6.20439	11.4405	9.73134	11.1883	10.0102	10.0175	10.2798
SEC17	9.31091	4.40553	8.96664	7.41657	11.5614	12.7977	9.96859	11.7778	13.0172	10.7776
YBL055C	10.6264	13.1934	10.2582	11.8124	9.46623	9.01836	8.78066	8.37093	9.7388	8.73461
PTC3	11.6495	5.93985	9.62901	6.03921	11.019	9.10622	12.3043	11.2578	10.5621	12.493
PTH2	7.84809	13.0938	9.61411	12.3754	7.38585	10.2013	9.37128	9.59443	10.7092	9.80655
SHP1	12.8381	3.58403	9.58003	5.09837	10.8709	10.8716	13.6833	10.5856	12.1747	10.7134
CMC2	9.46289	15.3916	6.66157	15.1274	16.8963	8.58549	6.38175	7.59502	8.02091	5.87713
YBL059W	9.46732	11.907	11.9383	11.3705	8.29047	8.54003	10.3747	9.73753	8.20023	10.1741
YEL1	9.07706	7.60084	12.4452	9.31896	7.06918	10.8484	11.2315	9.72117	12.7939	9.89379
SKT5	11.1157	7.24362	11.4867	8.43485	11.7276	10.2429	9.18464	10.5099	10.7176	9.33641
PRX1	8.97574	16.9243	11.5778	16.0001	5.79501	10.2365	7.94209	7.33216	8.23589	6.98044
SEF1	9.56949	5.77177	8.71818	6.51857	14.7711	8.32356	6.19177	17.1113	10.3183	12.706
UBP13	10.557	5.6825	9.62986	6.93233	13.9391	8.87579	12.4444	10.3033	8.82578	12.8098
PRS4	12.6049	3.07411	7.06275	4.50865	13.5169	10.3895	11.3826	13.0078	10.078	14.3748
AST1	10.7762	7.40134	9.98363	7.4855	11.5602	8.97022	11.9296	10.6594	10.5385	10.6953
RPS8A	12.7959	3.61072	12.0723	5.21072	10.7459	9.24716	12.797	12.0095	12.2589	9.25199
AAR2	8.26122	6.60368	7.20677	8.3491	8.61383	14.8043	11.3176	9.04461	14.8856	10.9133
SSA3	11.3015	2.44903	11.2574	4.33328	9.90435	13.5018	13.2633	9.74778	14.8552	9.38626
ILS1	14.9457	3.24828	8.27796	4.09762	13.1366	9.08083	12.8306	11.874	10.1646	12.3438
ATG8	8.33991	5.88634	7.38774	5.82036	10.0144	13.5933	11.0606	10.92	12.6554	14.3219
NUP170	9.55772	7.10958	8.54888	7.47213	9.84697	12.5416	11.437	10.1291	12.5258	10.8313
PET112	9.75496	14.6585	11.2406	13.1336	7.99759	8.45331	9.27031	8.15297	8.20487	9.13327
ALG3	7.90191	6.66005	8.94325	10.4258	8.99265	12.3575	10.0909	11.0604	12.6703	10.8972
BOI1	10.7024	7.1205	11.7163	7.32172	9.0971	11.2836	10.9984	10.1773	11.6419	9.9408
YBL086C	9.3719	7.50034	10.5468	7.83936	9.55305	11.6255	10.1625	10.281	13.7693	9.35028
RPL23A	12.2902	4.80576	10.2143	5.62362	11.0826	8.80607	12.0097	13.7044	9.32914	12.1342
TEL1	11.4192	5.0042	9.28932	5.68479	13.6668	9.07533	10.2209	13.6053	9.00527	13.0289
MRP21	7.97906	15.2647	8.27701	15.1203	10.8793	9.40339	7.15918	9.23335	8.00901	8.67468
MAP2	13.5163	2.72361	8.8223	3.42451	14.9713	8.48693	14.0568	10.7034	11.6678	11.627
SCS22	9.60325	8.25769	10.3336	8.39841	10.0918	10.8592	10.0273	10.0731	13.0909	9.26477
RPL32	10.7159	3.73583	8.18236	5.50746	18.6725	10.2444	7.29395	14.5881	13.6299	7.42959
ROX3	10.1558	7.08451	9.75724	8.08838	12.3673	11.1037	4.64997	14.2358	14.421	8.13624
YBL095W	9.63278	13.9466	11.1868	12.4258	9.82075	8.84223	8.72143	8.96914	7.78653	8.66797
BNA4	8.9923	10.7527	11.0298	12.794	7.50039	10.3646	10.2886	10.5488	7.28085	10.4479
ATP1	9.19609	13.6486	10.5502	12.0899	8.78291	9.28269	9.33992	9.08439	7.51089	10.5143
ECM21	13.6839	3.19554	9.3257	5.65049	17.077	9.26208	10.9758	11.3606	9.43122	10.0377
SFT2	11.0225	4.32728	8.64992	6.77607	12.8496	12.1489	9.57418	11.6363	13.0125	10.0027
SEA4	14.8184	3.58308	8.45444	4.32938	10.8928	10.1021	12.4958	12.3816	9.76797	13.1744
PKC1	11.5135	5.83586	9.99289	7.18627	11.4441	11.2483	9.91724	10.9553	12.2603	9.64614
YBL107C	6.96251	24.2495	11.2683	17.9998	6.45196	6.96681	6.51221	6.42591	8.13085	5.03213
NTH2	10.6076	5.62349	9.50662	8.71614	9.1965	11.5788	10.2223	12.7002	10.7878	11.0604
RER2	10.4155	5.95846	8.65905	7.6307	13.2707	11.5299	10.5091	11.1459	11.8392	9.04153
COQ1	9.36777	14.4392	10.2105	15.1529	9.76759	8.62601	8.83543	8.92831	7.60414	7.06816
GPI18	16.8006	5.8758	7.09917	5.28493	11.4523	6.79971	13.1671	11.5769	7.94513	13.9983
UGA2	11.6644	4.65824	9.3965	5.95858	10.4337	11.3926	12.1106	11.496	12.0578	10.8315
HHF1	7.82985	3.73554	6.26383	5.29085	20.7444	8.55803	5.85202	19.5738	14.1964	7.95538
HHT1	8.75741	4.39256	7.76793	6.60347	14.9861	7.89358	5.71295	20.5811	12.6914	10.6134
IPP1	11.4447	5.68623	8.54602	6.31928	11.5317	10.1523	12.8146	11.0304	11.5581	10.9167
GRX7	11.5507	4.72807	7.81408	4.75291	15.4642	8.69279	11.7565	11.8131	10.0019	13.4258
MNN2	10.9744	5.69072	8.54691	5.36047	13.7083	10.2424	11.1382	11.1801	11.6096	11.549
POA1	8.47628	12.1374	7.65412	10.2614	8.21	13.7563	9.30401	9.05928	11.2555	9.88559
CHS3	10.8473	7.02677	9.88086	6.82626	10.8746	9.19349	12.0774	10.7194	9.49781	13.0561
SCO2	9.12689	11.9711	11.1653	12.7206	7.98411	9.80632	9.62988	10.7284	7.49472	9.37268
OLA1	11.5203	4.62666	6.00563	5.7859	12.6973	11.7804	12.0181	12.25	10.3104	13.0053
ETR1	9.48138	14.5552	10.859	14.3965	7.96011	10.0597	8.68062	7.52878	8.63245	7.8462
YPK3	11.326	5.54234	8.77662	6.90887	12.2228	9.29518	10.7557	12.9434	7.84986	14.3792
CDS1	10.338	7.84048	9.74104	7.16107	12.2874	11.7078	8.40528	10.742	13.0196	8.75733
RPL4A	11.8507	5.56451	10.536	6.17639	11.9432	9.10847	11.5254	13.0015	9.87816	10.4157
HMT1	9.38393	8.15702	6.46281	7.2633	6.41123	17.176	11.585	9.03742	12.3623	12.161
PDX3	12.3927	5.50863	8.61006	6.80822	12.2083	8.41783	12.913	11.562	10.6944	10.8848
CSG2	12.8695	4.72948	8.77651	6.40672	10.4805	10.4198	12.1224	11.2733	11.0895	11.8323
SCO1	7.63976	12.7101	8.46914	12.2482	8.08414	9.16344	8.3906	13.6787	5.75152	13.8644
CHS2	10.0304	8.69323	10.6582	9.68537	11.8087	6.94227	11.4078	11.0546	6.87771	12.8418
ATP3	9.20988	12.3331	9.46938	13.3024	11.4229	9.11165	8.89654	9.67016	7.25223	9.33177
FAT1	10.9935	6.58964	9.15621	6.9788	10.5439	10.6083	10.7766	11.6727	10.9926	11.6878
CST26	11.3236	6.34916	10.6071	7.03772	9.60949	11.2788	11.1795	10.9186	12.0319	9.66421
QDR3	9.11196	12.8862	9.8244	10.8801	9.2169	10.5981	10.2542	9.64895	7.0189	10.5602
TCM62	9.1591	14.4794	10.6402	13.1997	7.91704	9.09582	9.97118	8.62207	8.07632	8.8391
ZTA1	10.3347	9.03176	8.81967	8.05539	10.6731	11.5951	9.66712	9.07213	14.0305	8.72048
FMP23	9.80088	15.3199	11.5316	12.3574	8.58188	11.6108	8.9732	7.19262	8.58289	6.04879
RPS11B	11.6575	4.42917	10.636	5.68117	11.6834	9.42682	11.3465	13.7179	10.9783	10.4432
REB1	9.4666	6.51392	8.18829	7.40335	16.8279	7.83793	6.20667	16.3395	11.0688	10.147
RFS1	9.48333	8.91261	15.2767	8.2606	9.46507	12.462	4.6753	10.3447	17.6217	3.49793
YBR053C	12.3093	2.97842	9.89124	5.30762	9.71121	11.4122	13.4169	11.1584	11.9444	11.8703
YRO2	12.3716	10.9828	10.6738	7.30765	13.8278	9.72683	7.50536	10.1785	10.9382	6.48745
YBR056W	9.67324	3.57601	9.36378	6.48237	7.55537	15.4791	11.5137	10.1618	17.1709	9.02374
AKL1	10.8266	6.92535	10.8788	7.38057	9.96994	12.3052	11.3482	9.95133	9.90642	10.5076
BAP2	10.754	3.46218	8.93018	5.88487	9.18272	11.4002	14.0709	11.2994	9.29177	15.7237
TAT1	10.962	5.62156	10.3019	5.51896	11.649	8.07815	13.3895	9.35797	11.3515	13.7695
ALG14	9.02579	6.22362	9.4385	9.07298	9.49993	14.222	9.9199	11.6599	12.3954	8.54205
HSP26	12.3919	2.76202	8.82565	4.69818	9.77462	11.7302	15.1227	10.5132	12.3399	11.8417
RDH54	9.00426	9.05981	10.1823	10.3283	9.89683	10.7345	9.32369	10.7371	10.0988	10.6344
YBR074W	13.583	3.77434	8.7977	4.95412	12.0226	8.41685	13.3065	11.5037	9.46843	14.1728
SLM4	11.5356	7.43183	10.1212	6.47712	10.9919	11.8426	9.23864	10.3579	11.459	10.5443
ECM33	11.5794	9.02228	9.39452	8.32469	19.1206	7.22718	2.84484	9.90277	16.961	5.62267
RPG1	11.9064	5.09931	9.03917	6.11844	11.3859	11.354	11.7796	11.6219	11.5184	10.1768
SEC18	8.61133	8.18164	10.4514	9.05655	9.54754	12.2445	9.85976	9.73718	12.4789	9.83118
SPT7	9.11709	5.85591	9.4375	6.8686	15.7832	7.68536	8.68225	13.1038	12.3769	11.0893
TEC1	9.41056	4.10804	7.03568	7.20217	17.4914	7.94647	9.09876	15.0798	10.3734	12.2537
MIS1	9.78111	14.8447	11.1923	13.3206	8.6092	8.6536	8.65521	8.33005	8.49038	8.12284
YBR085C-A	8.54537	6.76736	6.69322	8.16411	11.6119	13.4942	5.18522	14.3604	9.92533	15.2529
IST2	9.35026	9.07482	11.0767	8.2954	11.1177	13.0571	7.77206	10.1439	13.4455	6.66656
RFC5	12.6674	4.09295	8.82737	7.12029	14.2379	9.20726	9.99668	13.7015	8.35587	11.7928
POL30	10.9866	4.05581	9.38179	5.0938	10.7048	10.7475	12.3075	12.4885	12.4479	11.7857
NHP6B	8.15798	2.70386	5.92978	4.23243	23.4557	9.35161	5.39079	18.5596	12.8502	9.36806
TIM12	8.4854	13.4805	7.89745	14.2266	9.56266	10.0058	7.98341	12.1016	5.71016	10.5464
PBY1	13.4853	4.69208	10.2249	5.78971	10.0853	11.5344	10.1544	12.2209	11.3392	10.4737
RXT2	8.68032	6.71803	8.62934	8.44904	11.8637	9.60392	6.79542	16.6666	11.0072	11.5865
YBR096W	11.6568	6.94402	9.40535	6.84009	11.5449	11.0326	10.3474	10.6854	9.76001	11.7834
VPS15	12.7123	4.81644	9.19871	5.41606	10.4283	11.1395	12.9683	10.7993	11.4402	11.081
FES1	10.5787	4.04866	8.05437	6.33367	12.7652	12.048	10.9044	11.7536	14.4988	9.01452
EXO84	10.6549	8.01443	15.5834	8.57343	11.2804	11.7404	8.66807	9.00368	9.89877	6.58259
SIF2	11.5059	7.08703	10.1962	8.11211	13.4207	11.4513	7.14947	12.1511	11.0587	7.86747
YMC2	9.515	16.9614	9.31869	12.5935	7.39704	8.89871	8.24102	9.5881	7.36803	10.1185
PHO88	10.4847	6.93558	8.61228	7.42122	13.1871	11.1948	10.5069	11.0703	11.043	9.54428
AIM3	15.9663	5.06212	9.02324	4.62074	18.2635	9.60961	7.98604	11.6147	9.0605	8.79323
CMD1	8.10646	7.7803	11.4724	10.5829	15.3888	12.1359	4.34577	9.56593	13.9161	6.70546
ALG1	10.8928	6.71594	9.79609	7.95111	10.0144	11.7403	11.4237	10.2001	11.6507	9.61485
YSA1	9.69134	10.0655	9.5454	9.06319	8.88132	9.71995	10.9536	10.6457	10.4429	10.9911
CYC8	8.30408	9.9319	4.90813	10.8588	7.7663	26.6458	4.42595	6.40766	14.4399	6.31148
TKL2	14.9942	2.78989	12.3731	4.36976	11.0697	10.3919	12.7524	8.75352	13.6578	8.84771
TEF2	9.81311	5.98767	9.73327	7.15802	10.3211	11.8225	10.3711	11.1982	11.9668	11.6283
CBP6	9.04691	12.5676	7.93917	13.6036	14.0126	9.25616	7.7253	9.96308	7.61574	8.26987
GRS1	11.2873	11.3698	9.98048	9.28314	10.1887	8.75053	10.7156	9.10821	9.49519	9.82101
MRPL36	9.53777	13.8351	10.5646	12.3856	7.5987	7.54789	9.84762	9.26663	7.31086	12.1052
TFC1	9.92618	5.45224	9.27223	6.01197	13.6663	8.5348	8.96779	15.3062	10.3133	12.549
PTC4	9.02571	6.62205	7.59958	8.15467	8.67739	15.1364	9.77108	9.83361	14.0026	11.1769
TPS1	13.2091	4.25972	10.2442	5.57875	9.52087	9.94049	14.6352	10.8525	10.4694	11.2897
VMA2	13.8131	2.79696	7.93047	4.82777	13.2319	8.64396	12.875	13.105	10.0298	12.746
ATG14	12.0503	4.55074	9.21294	6.65297	10.1152	14.652	12.4316	9.91234	10.1528	10.2691
OPY1	9.50845	5.02106	9.86907	6.09687	9.41275	15.43	9.26327	10.5434	15.9908	8.86436
SHE3	12.1182	4.15499	8.34054	4.88177	17.066	10.0549	9.28021	13.726	11.5732	8.80408
AGP2	11.9602	3.1396	7.13952	4.00261	11.2709	7.33269	15.542	11.2674	7.0779	21.2672
HSL7	10.3843	8.73574	12.1502	11.74	9.3997	8.90826	8.56266	11.2265	8.70388	10.1888
CKS1	9.42921	5.89888	7.17086	7.64368	8.69905	13.6833	11.458	11.5558	12.6299	11.8312
MEC1	9.59228	6.56133	11.3498	8.56585	9.40366	10.3547	11.6248	12.2973	8.87504	11.3753
YBR139W	9.27022	13.2707	11.5856	10.4618	9.92043	7.99534	8.25676	8.94464	11.0783	9.21625
IRA1	10.4846	5.57339	12.5391	7.22437	11.6747	11.2278	9.27211	10.7809	10.9757	10.2473
MAK5	12.2731	5.47357	10.3936	7.03954	11.6984	11.8085	8.81924	12.0928	12.1139	8.28735
SUP45	11.3319	6.6772	9.33907	6.38734	10.6555	11.9238	10.1209	11.6905	10.9186	10.9552
ADH5	13.3327	3.35762	7.74745	4.95561	10.3496	9.91999	14.7747	11.6297	10.4979	13.4347
MRPS9	7.4824	15.0443	9.81108	14.8086	9.09088	10.1211	8.06551	9.08949	8.81695	7.66963
ARA1	11.5541	2.78284	9.85543	5.04739	10.232	11.348	13.7405	11.8659	12.1162	11.4576
APD1	11.7457	2.3424	6.09317	3.35955	10.6697	12.3934	13.2081	12.2116	14.2133	13.7631
RPB5	9.11739	6.60397	8.83793	6.91091	8.71226	14.1263	10.5662	11.495	12.544	11.0861
ICS2	9.29164	3.38306	12.7561	6.91018	8.35158	11.6499	13.2744	11.5786	11.9495	10.8551
IFA38	9.641	6.64657	9.04838	8.80332	9.64014	13.0349	9.96272	12.4904	10.3599	10.3727
CDC28	9.1676	7.30694	6.3819	8.56777	9.73032	16.2663	9.61465	9.12684	13.6592	10.1785
TOS1	8.07757	10.673	10.6544	11.2527	9.966	9.55146	8.55448	8.41325	14.3664	8.49081
YSY6	7.1934	8.19612	9.51119	12.1081	15.2941	9.97285	3.83275	12.951	15.5466	5.39396
EXO5	8.99107	15.2877	11.8455	14.7022	8.46643	8.46716	8.04796	7.9791	8.23251	7.9804
ARL1	9.74785	8.79248	5.39782	8.30766	7.50405	16.4614	10.8902	10.3882	11.3782	11.132
SSE2	11.2073	3.96939	12.7615	6.04992	9.93709	11.8821	10.5491	12.1665	13.0178	8.45944
NPL4	8.89017	6.30688	15.1489	9.08488	6.67615	13.1768	9.03537	10.9799	12.6122	8.08869
SEC66	10.0097	6.15581	8.60875	6.99	12.565	11.5198	10.1396	10.7133	13.5342	9.76381
SMY2	10.4608	7.10814	8.88945	6.63956	13.0295	10.2171	8.7203	12.3628	11.783	10.7893
ECM31	8.68877	14.6709	10.4269	14.99	8.0029	9.77664	8.09103	8.52888	8.50881	8.31516
EHT1	10.0103	9.3456	9.15955	8.98932	10.0274	9.68642	10.9632	11.0472	8.82929	11.9418
FZO1	9.22049	13.8465	11.2835	12.4772	8.82966	8.39337	10.0058	8.64586	8.20681	9.09082
RPS6B	11.5128	4.04876	11.0525	5.17985	11.4417	10.9606	12.2959	12.5398	10.9965	9.97167
MBA1	9.93522	12.2792	10.0738	12.9337	12.1356	8.28735	8.87602	9.33354	7.15658	8.98901
GDT1	8.5401	8.65645	5.23564	6.81101	12.4619	14.8937	7.23758	14.3989	8.6137	13.151
RPS9B	13.088	3.87464	9.63826	6.32227	12.8346	10.9035	11.1217	13.136	11.2076	7.87352
RPL21A	11.6659	4.75304	9.63	5.28789	12.4846	9.47512	11.2974	13.9834	10.0983	11.3243
RIM2	9.44661	12.2719	11.0019	11.3799	8.73649	8.67986	9.7665	9.71439	8.2125	10.79
MED8	11.0443	6.48434	9.23715	9.03362	10.9451	10.2218	8.48639	13.1389	11.9844	9.42397
MSI1	10.2254	7.2055	10.2473	7.971	11.1722	9.17558	11.3153	10.4756	11.5508	10.6614
PGI1	11.9698	2.49722	7.95968	4.0534	11.9074	9.98622	14.2309	11.3668	12.4451	13.5835
TAF5	9.20431	7.35961	9.23108	8.12057	13.1872	8.07366	7.78758	13.906	11.6579	11.4721
KTR4	11.3694	5.691	8.60952	6.41508	10.7228	12.1403	10.8961	11.8829	11.2633	11.0096
BEM1	10.9772	5.5012	9.7298	6.79823	12.4347	10.0677	8.49407	14.466	10.9391	10.592
DER1	11.0613	6.3518	10.2794	8.35439	8.82134	12.882	10.1498	10.5649	13.7634	7.77159
LDH1	10.2666	8.54841	9.43796	8.94678	9.66995	10.8737	10.8645	10.411	9.67272	11.3083
KTR3	11.8355	5.24405	8.16781	6.08186	9.79089	11.8223	12.7988	11.3238	10.9207	12.0143
FTH1	12.6929	4.10649	7.96767	4.87948	11.9078	10.3707	12.7933	12.1496	10.0738	13.0583
"DUR1,2"	14.7195	10.5488	7.04101	6.22491	10.5758	7.93969	11.625	11.5108	10.0843	9.73013
SDS24	11.3806	7.29828	8.44324	8.43244	8.52264	11.236	12.4953	9.67603	9.7465	12.7689
HPC2	11.482	5.66028	8.68311	4.7886	16.8584	8.07721	7.66729	15.4098	10.3181	11.0551
PYC2	13.0458	4.30035	8.65766	5.29521	9.91945	10.6637	13.8108	10.9791	10.6614	12.6665
PDB1	9.32192	14.4394	10.7633	13.8561	7.55187	9.18595	8.92944	8.36085	8.786	8.80522
PCS60	9.74847	10.9147	8.35149	9.90342	9.76304	10.3259	10.7458	8.75799	11.029	10.4601
YBR225W	12.5426	5.69685	9.01693	6.0256	14.3101	9.84645	10.3348	10.84	10.5222	10.8644
MCX1	9.81663	13.1639	10.9741	12.6123	8.46307	9.35679	9.2161	8.51605	9.18214	8.69891
ROT2	8.67894	8.22824	11.453	8.71768	8.84448	11.2849	9.03934	10.739	14.1902	8.82426
OM14	14.7633	8.97407	10.6157	7.67245	14.7294	9.48041	6.90735	7.66811	8.36947	10.8196
ARC40	11.837	4.59835	19.1812	6.99802	9.20453	9.60436	9.76987	10.0107	12.6757	6.12034
YBR235W	12.698	4.28756	8.14604	5.10224	13.2723	9.52593	12.9545	11.57	8.89904	13.5445
ABD1	10.9685	4.54202	9.23442	5.63552	10.8782	10.9375	11.6965	12.3811	11.508	12.2183
YBR241C	13.3059	4.02916	8.05537	4.45189	11.9824	10.8667	13.128	10.6675	9.64848	13.8645
YBR242W	9.46086	12.0859	7.19416	7.53772	8.93589	10.6037	11.0192	13.3791	9.19751	10.5859
ALG7	11.3717	5.80244	9.19086	7.3859	9.74006	11.6319	12.0474	11.645	11.5077	9.6771
GPX2	11.3033	5.98977	7.54532	6.8417	11.3724	12.4268	10.0867	11.0391	12.4112	10.9838
ISW1	8.80704	5.79406	9.26477	6.5896	14.9248	7.85438	8.67708	16.0128	9.76482	12.3107
ENP1	10.9181	10.2514	10.0383	10.1825	9.4843	9.71403	9.98825	10.6646	9.23269	9.52582
HIS7	12.5721	3.4082	8.50583	4.49911	11.2991	10.0201	13.3451	11.8064	11.4064	13.1378
ARO4	11.8133	3.11994	7.55882	3.94025	9.23381	9.73784	16.3151	11.6009	11.615	15.065
MRPS5	8.24365	15.4974	10.1685	12.0903	8.7059	8.68664	9.80359	8.80711	9.11438	8.88246
DUT1	11.7608	5.0562	8.21214	5.70743	10.7695	8.52316	11.765	11.4788	12.4168	14.3102
YBR255C-A	9.02982	13.2319	8.60532	11.9209	12.5298	9.53714	8.69969	9.4619	8.75184	8.23161
MTC4	9.92832	5.82655	11.0025	6.71229	12.0997	13.3292	8.24453	10.1952	14.2731	8.38862
RGD1	10.2824	8.25155	9.51803	7.74906	15.2262	9.65232	9.39206	11.2118	9.20644	9.51013
TAE1	9.00471	8.25352	6.89774	8.16844	8.85613	16.2161	9.08209	10.6082	13.1397	9.77338
AIM5	9.39178	13.2222	10.7168	10.1197	8.9429	8.28256	10.0864	9.37261	7.9451	11.92
SHM1	8.7038	15.7327	10.9998	14.4306	7.82148	9.24171	8.40749	8.1334	8.75824	7.77077
YPT10	9.0737	8.07235	8.35935	8.68036	8.92654	12.988	10.6363	9.82579	12.3081	11.1295
TSC10	9.66426	8.06087	12.0844	12.3489	6.80554	8.66276	10.2605	10.301	9.72129	12.0905
MRPL37	9.72696	14.0706	9.63032	11.8771	10.5844	8.16726	8.61673	9.44573	8.75011	9.13077
FMP21	6.19977	27.9191	10.3961	22.0485	5.97461	6.08299	4.89541	5.05913	5.05029	6.37408
BIT2	12.2812	9.52421	12.488	8.63809	10.9107	11.6947	5.65823	9.89034	11.9283	6.98616
UBX7	8.94688	5.60799	9.89167	7.97633	10.3296	11.4905	9.23551	10.9748	15.4472	10.0995
PPS1	11.377	5.98373	7.36634	6.41208	8.87401	13.0203	11.4622	11.5427	12.8398	11.1218
PAF1	11.4119	3.46828	9.01437	6.10717	15.8496	9.08372	10.5037	13.7493	9.68114	11.1308
MRPL27	9.05164	13.447	9.9431	11.1997	8.14863	8.17109	9.84106	10.0798	7.93055	12.1874
SSH1	11.9741	6.09048	10.5968	7.70555	8.9145	11.8375	11.1318	11.2307	11.3022	9.2162
APE3	8.30559	12.2794	14.0057	11.0433	9.21438	7.99841	9.28224	9.24781	10.1306	8.49264
APM3	10.713	6.44493	6.71297	9.77568	6.94354	18.9657	6.63297	9.66707	16.914	7.23012
CTP1	8.19695	9.11459	11.6823	10.4112	8.12963	8.67224	11.2338	10.0456	8.80616	13.7075
MAL33	8.94199	7.48093	8.37367	10.8502	7.64028	12.8544	7.25978	14.8549	11.8129	9.93101
RER1	10.4277	7.81967	9.0018	10.7157	8.3511	13.5089	10.712	10.8642	10.9069	7.6919
PGS1	10.646	11.3061	11.2316	10.8129	8.32298	8.34824	10.351	8.87047	8.6209	11.49
STP22	10.0143	7.38209	8.21106	8.63555	8.91002	14.5681	9.6124	10.7137	13.5976	8.35509
ILV6	9.63632	16.0814	11.1479	13.5007	7.03927	9.15936	8.8147	7.71626	8.64065	8.26336
GBP2	11.74	6.56499	8.91517	8.99686	8.66141	15.4336	9.48049	11.2931	12.6096	6.30475
BUD3	8.99587	11.7458	13.329	9.34409	11.0013	11.6012	4.93063	9.4245	14.6455	4.98222
DCC1	9.78447	6.28995	9.41949	7.00127	9.87287	10.373	11.396	12.1857	11.5148	12.1624
NFS1	9.37965	14.6108	11.3875	13.5279	8.85513	8.82543	8.45693	8.30208	8.22362	8.43093
YCL019W	8.59601	4.94595	9.70835	7.99743	10.9061	9.75304	8.45886	13.8646	15.2294	10.5402
AGP1	13.2922	6.74339	10.3102	6.52575	12.2354	9.58705	10.7948	10.879	9.10231	10.53
HBN1	9.70183	23.2923	8.72853	12.5985	7.36109	7.55899	8.18466	7.52523	6.5789	8.46997
RNQ1	10.2879	7.13111	9.4885	7.94187	15.7973	8.56528	5.6127	14.542	11.8368	8.79655
HIS4	13.0758	3.00574	6.96763	3.39502	13.9193	7.34032	12.7315	13.0318	11.2747	15.2583
RRP7	9.80788	6.24908	9.29692	6.49981	11.5151	11.6832	9.0886	11.7948	15.075	8.98964
MXR2	8.99755	16.7552	10.3233	15.2626	7.78662	8.8152	7.57708	7.81124	8.18205	8.48918
GRX1	9.23781	5.60894	7.20105	7.56652	16.7997	14.0534	9.02244	11.3242	9.85277	9.33325
SRO9	12.5889	7.27036	10.7905	5.09093	12.6758	9.01298	11.0948	11.9561	11.4784	8.04127
ATG22	13.0024	3.17634	9.75864	4.42209	11.2349	10.0973	12.2795	10.7809	11.6475	13.6004
GLK1	12.8093	2.9794	9.63545	4.67004	10.8481	8.87978	14.9495	11.3819	11.8231	12.0234
PDI1	7.23188	11.8261	11.7829	12.9168	8.77781	10.8073	7.61619	8.98373	12.5966	7.46067
MGR1	9.59953	11.4828	11.7383	11.5015	9.26563	8.43762	10.1106	9.26375	8.9083	9.69198
EMC1	11.2369	6.78626	9.99662	6.78169	11.0988	10.4167	11.5708	10.103	11.6559	10.3534
POF1	8.92135	14.7906	9.13178	13.6855	7.23285	12.5119	7.77975	8.16901	11.403	6.37426
YCL049C	11.1239	7.61894	9.88147	7.58067	11.7756	11.4017	8.95332	11.4469	11.2933	8.92423
APA1	11.9679	3.64294	8.04055	5.09093	10.8211	10.1955	12.4876	12.5312	11.1024	14.1198
LRE1	13.1679	7.31451	10.1824	4.78013	13.9056	8.59029	11.2639	10.3801	8.10783	12.3074
PBN1	9.83642	7.55475	8.88466	7.77093	9.87958	12.2384	9.40677	11.5387	10.7574	12.1324
SPB1	10.8145	7.20884	10.5016	5.39568	14.6711	9.37992	9.64471	11.7209	11.9661	8.69672
YCL057C-A	8.17875	12.4161	9.29392	10.7548	8.46413	8.29123	9.92419	10.8061	7.26407	14.6066
PRD1	9.79609	16.377	10.9124	12.4993	8.90006	8.60027	8.30686	7.40047	10.1963	7.01134
KRR1	11.3546	5.88787	10.9358	8.64718	9.58024	12.8017	8.8683	12.1285	13.5809	6.21503
CHA1	8.34484	6.25423	6.54525	7.36028	11.8376	12.2186	12.6875	12.2956	12.0634	10.3929
CDC10	12.227	9.63556	16.5874	9.91037	10.9947	8.06561	8.27909	9.67524	9.12128	5.50372
MRPL32	7.33764	12.114	9.25217	13.2962	12.8735	10.026	5.57344	11.6679	11.0217	6.83748
YCP4	9.20359	7.50291	14.5976	8.88655	10.617	13.933	4.21126	9.54715	18.062	3.43882
CIT2	12.0384	10.9837	9.57588	10.6374	10.6021	9.82081	8.99729	10.1171	8.73874	8.4886
SAT4	10.0282	10.7619	10.5982	8.46715	10.3131	8.927	9.09273	11.0984	9.84575	10.8677
RVS161	10.1208	3.19624	7.6849	5.46293	13.5116	14.11	10.5528	12.3042	13.8375	9.21907
ADY2	9.2265	5.59167	9.43791	8.28662	9.48687	11.8587	13.4558	9.64414	10.8028	12.209
ADP1	12.5327	4.10961	7.8125	4.92912	12.1687	10.2429	11.5115	12.0652	10.426	14.2019
PGK1	13.2039	1.57984	6.49122	3.24945	13.3945	12.6002	11.335	12.7525	13.1497	12.2437
YCR015C	10.7833	4.65843	9.33597	5.32072	13.0097	9.69508	13.4599	10.4424	10.3102	12.9844
YCR016W	10.3297	5.02669	7.06852	5.77684	15.6143	11.1907	10.1603	11.6676	13.495	9.67041
CWH43	11.5532	5.62152	9.03813	6.87875	11.2492	10.4755	11.3536	11.3648	10.9495	11.5158
HTL1	6.83144	8.36774	5.35163	9.93908	19.7688	10.4116	7.92507	14.2526	8.74277	8.40927
HSP30	8.29587	7.63761	9.48001	9.39083	8.19052	15.1788	10.2832	10.4146	11.3242	9.80429
YCR023C	12.586	3.55345	6.76689	4.28995	11.0429	10.3924	14.5332	13.3475	7.46253	16.0253
SLM5	8.53292	15.6072	10.1207	14.3788	8.22118	9.19188	8.318	8.92455	7.79211	8.91265
NPP1	10.9329	4.36686	9.29818	6.7516	13.2141	11.443	10.5535	10.9273	11.9767	10.5358
RHB1	13.6023	4.09847	6.28097	5.27312	12.9767	10.1622	12.3102	13.827	7.8927	13.5763
RIM1	9.48852	13.4616	10.2312	13.8743	8.97069	9.98543	9.15261	7.52964	8.46717	8.83887
SYP1	11.7673	6.32789	14.1234	6.90974	11.6508	10.7667	9.46647	9.83223	11.2412	7.91435
RPS14A	11.2674	4.68203	11.1677	6.38381	11.6244	10.1104	9.85091	14.6615	10.9441	9.30775
BPH1	10.0532	9.01601	9.27417	8.44961	7.94928	12.7572	9.71714	11.6413	11.2504	9.89168
SNT1	10.3713	6.81463	9.89086	5.18074	14.251	7.60488	9.59486	14.1257	7.78209	14.3839
FEN1	9.75066	12.7539	11.4011	8.77519	10.8616	10.0203	6.61878	11.1682	10.3393	8.31093
RRP43	11.3996	4.44552	10.4641	4.81626	10.4507	10.8958	11.7558	11.4902	12.3377	11.9443
RBK1	12.1072	2.33832	8.46031	3.74639	13.5611	9.23856	13.7649	10.9394	11.8498	13.994
PHO87	10.1206	5.20538	8.38241	6.36857	10.6195	10.3971	12.3944	10.5342	11.2983	14.6796
TAF2	8.12634	5.704	10.217	5.55288	11.0828	13.2698	5.55289	15.1392	17.5731	7.78192
YCR043C	9.46891	12.2326	12.432	8.2163	11.6228	11.065	8.39522	9.20516	9.63205	7.73004
IMG1	9.233	12.8295	10.2504	13.0191	8.36413	9.43236	9.59427	9.89005	8.11571	9.27145
BUD23	10.8582	5.56593	7.90939	6.14879	10.1172	16.0044	10.0123	9.48717	13.0879	10.8087
ARE1	11.0418	6.82389	9.99578	7.11743	12.9807	12.38	8.49779	11.6938	11.0989	8.36982
YCR051W	9.44454	8.47615	7.91727	8.62634	11.7843	10.4281	10.7604	11.0855	9.03908	12.4383
RSC6	9.98131	5.99345	8.64824	6.56654	14.7263	7.61025	7.90153	15.2269	11.0676	12.2779
THR4	13.9061	2.93327	7.68783	4.07074	12.3823	9.79036	13.4996	11.587	11.2913	12.8514
CTR86	8.02612	10.0672	5.97531	11.5118	7.01625	21.07	7.97755	7.46769	13.2439	7.64408
PWP2	11.2443	5.64852	12.4893	6.4761	9.89857	11.4549	10.293	11.0082	13.9672	7.51991
BUD31	11.1363	5.2682	9.22639	6.97371	10.3986	10.9094	9.89219	10.404	11.6857	14.1055
RAD18	11.0682	9.19995	8.83864	9.31346	13.7915	10.4218	10.0649	8.90284	8.54331	9.85538
SED4	11.1351	7.36398	10.1163	7.90842	10.3865	10.2978	10.2126	11.2026	10.8605	10.5162
ATG15	11.1689	4.65795	9.00466	5.9057	10.3956	8.86598	9.22645	14.1226	12.6722	13.98
IMG2	8.7709	12.7075	10.2859	11.3944	8.82164	9.03522	9.87156	10.3026	8.60409	10.2062
RSA4	10.652	6.74486	10.2927	7.64531	10.3407	10.521	10.6988	11.9242	9.6931	11.4874
YCR075W-A	13.2373	6.59625	9.1055	4.67297	11.6911	10.0699	10.6009	11.2587	12.289	10.4784
YCR076C	13.3467	2.13694	10.13	3.90008	10.3628	9.5227	10.5007	13.8216	13.3121	12.9664
PAT1	11.0948	6.29287	12.7259	6.85661	11.3529	10.0361	9.40985	11.4069	12.2518	8.57228
PTC6	8.80506	15.4838	10.6173	14.4593	6.13218	9.88801	8.95364	7.97466	9.11588	8.57016
SRB8	7.52687	9.00392	7.28491	10.369	8.65071	18.493	7.75461	8.49214	14.8517	7.57314
TRX3	8.82969	16.2384	10.8198	16.2784	6.93058	10.4881	6.95383	8.27978	8.68708	6.49447
TUP1	17.1944	4.39796	9.47557	4.41436	13.8137	8.06597	8.37859	10.8525	12.2661	11.1408
CSM1	8.60173	7.64644	9.35787	8.83199	11.32	9.77249	10.3352	11.5106	12.6545	9.9692
YCR087C-A	11.3793	5.65631	8.79664	4.32846	13.3072	12.4093	9.54021	10.3853	15.2976	8.89968
ABP1	9.77551	6.03548	11.134	6.13801	10.4649	13.7692	9.28314	11.6042	12.7478	9.04776
CDC39	9.22006	9.09015	7.95409	10.4051	7.7601	17.8159	8.29255	8.72237	12.7011	8.03863
CDC50	10.6567	5.4711	9.55983	7.10699	11.6538	10.8554	9.76779	10.8177	12.5374	11.5733
OCA4	10.535	2.84579	8.5972	4.33123	11.6374	10.2486	12.7812	11.923	12.7816	14.3191
GIT1	10.6866	3.95645	10.9371	4.223	9.10136	10.0596	15.5562	9.38706	8.71301	17.3797
YCR102C	12.9496	3.77017	9.72943	5.17798	11.6761	10.2825	11.7811	12.1096	11.2339	11.2896
RMD1	12.8356	4.41379	8.54986	4.62299	11.732	9.75139	13.2826	12.6459	8.69329	13.4725
ATP16	5.74971	9.20338	7.75442	21.6907	5.9006	9.81257	8.53515	8.55321	6.65099	16.1493
MED2	10.8238	5.58353	8.33634	7.28757	15.6564	9.14868	8.07894	13.2758	12.2593	9.54958
PTC1	8.22322	8.02652	6.16215	8.5172	8.09743	19.5461	7.99041	8.75629	14.4693	10.2114
RPT2	12.9562	4.11317	9.64927	6.06199	12.9532	9.70753	12.1825	11.7845	10.1228	10.4688
GRX6	9.63898	7.07904	7.18466	7.92495	12.9485	9.98975	10.306	10.9518	11.2015	12.7748
NOP1	11.1006	4.88298	10.2619	6.14419	10.7523	11.6802	9.04391	12.2663	16.9926	6.87506
TSC13	12.6798	5.49107	10.7656	6.40274	11.1938	9.30286	12.0131	11.4143	9.77076	10.9661
CDC7	10.7698	4.71791	6.76756	6.90913	15.8657	7.66787	10.349	13.2802	9.73621	13.9365
ERP3	8.78726	7.49432	9.29911	7.85779	9.29434	11.9534	11.0981	11.641	12.2129	10.3617
OSH2	12.1577	7.90959	8.9708	7.94262	11.4392	13.8837	7.75302	10.1968	12.8722	6.8744
GPM2	11.059	2.9901	8.29553	4.38754	11.1041	10.9915	13.7378	13.0889	10.2467	14.0988
GPD1	13.7706	2.96017	9.56434	5.76927	9.93679	10.3127	14.3339	10.4723	10.4486	12.4315
RTK1	11.8733	9.71046	7.55792	9.27373	16.7068	9.31652	6.11668	11.2886	10.2794	7.87658
YDL027C	9.39296	11.7709	11.4654	12.4149	7.88191	10.0485	9.76121	9.70674	8.03877	9.51865
ARP2	11.5077	5.09306	13.6728	7.44183	12.1157	9.54156	9.46806	11.3828	10.7836	8.99298
PRP9	13.679	2.38881	6.17305	4.26747	18.0179	7.85548	11.2146	14.338	10.1814	11.8844
DBP10	11.4477	4.91846	9.45657	6.43436	11.6403	10.5549	10.8361	12.7044	12.1379	9.86929
SLM3	9.95433	13.3656	11.8394	14.8215	6.12069	8.42626	9.61394	8.98878	7.97373	8.89576
GPR1	9.75978	7.85441	10.4967	7.99644	9.72738	11.0178	11.3369	10.0209	10.4383	11.3514
PUS9	10.341	14.8904	11.3413	14.7516	8.69504	8.45683	8.81755	7.21209	7.29269	8.20158
NAT1	11.5292	4.28339	9.79836	5.5282	13.7342	10.7315	11.8669	11.4052	11.1626	9.96051
SIR2	10.6181	8.89326	7.69198	5.93017	14.0938	10.1695	8.93209	11.3129	13.3307	9.02736
PRP11	12.5805	3.29481	6.77644	3.83884	17.777	8.92682	10.5962	14.0963	9.74066	12.3723
MTF2	8.69374	14.6142	10.2798	13.9318	9.3407	9.98814	8.4139	8.91488	7.77576	8.04713
FAD1	10.9932	7.10451	9.01686	8.02122	8.75227	12.758	9.74481	12.4892	10.8245	10.2954
NPC2	9.32373	11.3937	10.8639	8.63571	12.8152	6.46938	6.21933	9.27061	10.8928	14.1157
SIT4	11.2989	3.41609	7.88435	6.22232	11.3276	11.8965	12.6217	13.1899	10.1442	11.9984
KNH1	7.66092	6.88607	11.0646	10.3967	7.9805	12.2869	9.16285	10.2028	13.5127	10.846
LHP1	11.6184	3.72347	8.85283	5.88899	11.0023	11.6126	12.6639	11.253	9.42278	13.9617
SLC1	10.4402	6.44318	9.28831	8.16077	10.9559	11.2368	10.0911	12.0743	10.6252	10.6843
PBP4	10.0585	8.07092	13.766	7.69859	11.4215	9.89157	8.62165	10.7013	12.2614	7.50856
PSA1	13.7642	2.64206	8.52113	4.53814	10.7634	9.49157	14.409	11.8525	11.1866	12.8315
TSR1	9.80942	6.76906	9.98586	7.14647	8.97027	10.1958	11.7176	11.5237	11.853	12.0289
RPS29B	11.4015	3.53182	10.0039	5.34424	12.9815	8.98382	10.25	12.7199	12.5898	12.1936
UBC9	12.5288	9.14113	9.80404	7.34151	15.1048	8.59389	9.17531	8.82845	8.57928	10.9028
PEX19	7.39113	0.76869	0.407897	0.822731	9.92924	13.7911	15.9898	16.5375	16.8047	17.5572
IDP1	9.59578	15.7509	11.6409	14.5466	7.78653	9.1989	8.21706	7.84487	8.06131	7.35716
COX9	7.65616	13.6219	7.76725	15.7104	11.6277	10.6303	7.52627	9.87435	7.07679	8.509
CBS1	6.95542	9.73139	8.99434	19.6073	8.51814	8.54789	12.6796	9.73139	6.79089	8.44365
YET3	10.228	8.93666	10.2931	8.81963	13.103	13.1763	5.84897	9.69651	14.4631	5.4346
YDL073W	11.4813	1.54257	7.82471	2.69795	12.5477	15.3787	9.60504	15.3287	15.1616	8.43172
BRE1	9.20715	7.86618	11.6165	9.70469	11.0653	9.30437	7.89245	12.4839	11.3631	9.49638
RPL31A	11.9723	4.84066	10.5252	5.67194	11.3672	9.18524	12.2227	13.5627	10.2816	10.3705
VAM6	11.6258	5.8412	9.60543	7.10934	10.1938	10.0707	11.1822	11.9627	10.2082	12.2005
MDH3	6.82478	5.48059	17.7629	18.0895	6.36373	9.09656	8.37998	8.06075	10.4464	9.49491
THI3	11.2351	8.50971	10.039	8.23332	8.32609	11.0044	10.9275	10.5725	9.60418	11.5483
RPL13A	11.9725	4.33265	8.4704	6.59181	17.4549	10.3912	8.7193	13.6612	10.4511	7.95499
RPS16B	11.6272	4.16749	11.2155	5.60547	10.5139	9.85405	12.3301	13.2159	11.4621	10.0083
SUB2	11.5611	5.15107	7.92186	6.39918	10.5464	13.5505	12.1191	10.1762	12.3342	10.2405
NDE2	9.80151	10.6044	11.7863	11.3177	7.74854	11.803	10.2814	8.63282	9.58202	8.44233
YDL086W	14.1061	2.91228	9.05463	4.65372	9.04594	10.7666	13.3672	12.7148	11.2577	12.121
ASM4	11.003	7.45194	7.61331	6.29478	14.1283	11.0179	6.75814	11.956	12.3924	11.3842
NUR1	11.9405	5.07136	9.80565	5.30227	12.4777	9.33894	12.5489	11.6453	9.41405	12.4553
UBX3	10.9156	6.62665	9.64602	7.06851	10.2369	12.9939	9.91573	10.5925	12.5457	9.45842
SRP14	10.51	3.32772	8.65833	4.98484	10.3861	10.863	12.1278	13.5342	13.4116	12.1964
PMT5	9.89431	7.32723	7.04208	8.43578	8.92541	13.103	9.1043	13.017	10.3189	12.832
PMT1	11.3692	6.2439	10.7303	8.06819	9.96071	10.6633	11.1566	10.3953	11.5951	9.81739
RPN6	11.1518	4.97319	8.38204	7.24644	12.458	13.0201	10.5456	11.1784	12.0781	8.96633
BUG1	12.0469	4.86165	10.2295	5.43815	12.8504	10.0796	9.77165	11.9302	11.9246	10.8674
GET3	11.0493	5.95494	10.4049	7.64781	9.08722	12.6974	9.93511	11.2424	12.7292	9.25167
DUN1	10.094	6.75528	12.2603	8.8175	9.65483	11.6227	8.52753	11.3121	11.2758	9.68005
POL3	10.5831	4.33965	11.4957	6.11188	11.0083	11.117	10.8627	12.2855	10.0953	12.101
QRI1	12.2939	3.02059	8.43702	4.20468	11.1415	10.7963	13.0352	12.6676	11.8572	12.5459
QRI7	8.22622	16.3107	10.5096	14.8925	6.74909	9.52126	8.92019	7.69358	8.55484	8.62203
PHO2	10.8912	3.66838	8.28354	4.29203	19.0414	7.25281	7.08029	16.3323	9.80825	13.3497
MSS2	9.33255	12.3546	9.79475	14.6748	10.9818	8.18271	8.87648	10.0051	7.23131	8.56595
KIN28	12.7764	6.22954	7.51405	8.30309	10.571	12.1904	8.63205	11.7132	11.9598	10.1105
TMA17	11.7667	3.94499	8.96056	6.23373	11.5419	10.9773	11.6969	11.3362	10.8593	12.6824
RRP42	13.075	4.16638	11.8588	5.40046	8.68088	10.9383	12.8785	12.7678	11.4504	8.78343
TRM3	8.3499	13.2735	5.19027	8.1792	6.92716	18.1599	11.0876	8.0044	13.3683	7.45968
ATG20	11.5314	4.50806	7.89393	5.91919	11.6308	12.293	10.9469	11.2496	11.8697	12.1574
NUP84	8.51293	9.0045	9.95181	9.93897	8.13403	18.1065	8.59317	9.19173	12.6297	5.93665
CYK3	9.98018	8.74527	11.7966	11.1283	9.88301	9.61695	9.01342	11.7804	8.27796	9.77792
YDL119C	10.3201	13.4766	10.0216	12.2843	7.91981	9.55479	9.07603	9.5003	7.38602	10.4604
YFH1	9.28195	17.4889	11.8513	16.9004	8.0969	8.42628	7.10675	6.85388	6.50021	7.49351
YDL121C	8.27147	6.88082	8.67712	7.51127	13.1252	13.7485	7.50036	11.7179	14.217	8.35034
